133434
103372
70779
45264
6105
7029
7159
7160
116153
224129
400682
680683
1529436
7165
217634
80765
7461
7462
7463
7460
6500
7604
37344
12957
520822
27457
104688
1159321
7038
110368
6526
103933
132113
30195
2705177
207650
7091
7741
7739
6279
6238
6239
31234
104421
218467
211228
156304
7213
142686
79782
265458
29053
29159
6565
105785
7515
7176
456900
13037
35525
77166
151771
6956
50389
454923
121845
609295
143948
7291
7217
7263
125945
42026
30019
30023
7220
29029
30025
7222
7266
7224
30033
7227
7229
7230
7232
47314
7282
7234
7237
1041015
7238
7240
28584
29030
7244
7260
7245
178035
6210
516756
88015
1720309
158441
64838
72781
133901
34638
597456
286706
610380
29058
6412
294128
6087
1477025
6945
7539
6850
83485
7574
7209
225164
7375
7130
143995
115081
742174
69319
6573
307658
7370
13164
7425
51031
45351
441921
110193
108931
2448451
613905
37653
6645
486640
166361
2015173
6198
48498
222816
1437190
473952
93504
76193
76194
66420
114398
6579
121225
6689
7054
64459
51655
46731
144034
91411
743375
400727
37621
219809
28612
43146
10224
7225
6185
6183
143950
7048
13686
69820
35570
7668
34506
50429
300111
32264
161013
471704
34720
64791
7070
6334
7493
10228
7111
334116
109461
411798
64793
28588
136037
7742